temperature	V(ntc)
2.000000000000000e+01	5.971804e-01
2.010000000000002e+01	5.963041e-01
2.020000000000005e+01	5.954254e-01
2.030000000000007e+01	5.945465e-01
2.040000000000009e+01	5.936672e-01
2.050000000000011e+01	5.927876e-01
2.060000000000014e+01	5.919077e-01
2.070000000000016e+01	5.910275e-01
2.080000000000018e+01	5.901470e-01
2.090000000000020e+01	5.892661e-01
2.100000000000023e+01	5.883850e-01
2.110000000000025e+01	5.875036e-01
2.120000000000027e+01	5.866219e-01
2.130000000000030e+01	5.857400e-01
2.140000000000032e+01	5.848578e-01
2.150000000000034e+01	5.839753e-01
2.160000000000036e+01	5.830925e-01
2.170000000000039e+01	5.822095e-01
2.180000000000041e+01	5.813262e-01
2.190000000000043e+01	5.804427e-01
2.200000000000045e+01	5.795589e-01
2.210000000000048e+01	5.786749e-01
2.220000000000050e+01	5.777907e-01
2.230000000000052e+01	5.769063e-01
2.240000000000055e+01	5.760216e-01
2.250000000000057e+01	5.751367e-01
2.260000000000059e+01	5.742517e-01
2.270000000000061e+01	5.733663e-01
2.280000000000064e+01	5.724809e-01
2.290000000000066e+01	5.715952e-01
2.300000000000068e+01	5.707093e-01
2.310000000000070e+01	5.698233e-01
2.320000000000073e+01	5.689371e-01
2.330000000000075e+01	5.680507e-01
2.340000000000077e+01	5.671641e-01
2.350000000000080e+01	5.662774e-01
2.360000000000082e+01	5.653906e-01
2.370000000000084e+01	5.645036e-01
2.380000000000086e+01	5.636164e-01
2.390000000000089e+01	5.627291e-01
2.400000000000091e+01	5.618417e-01
2.410000000000093e+01	5.609541e-01
2.420000000000095e+01	5.600664e-01
2.430000000000098e+01	5.591787e-01
2.440000000000100e+01	5.582907e-01
2.450000000000102e+01	5.574027e-01
2.460000000000105e+01	5.565146e-01
2.470000000000107e+01	5.556264e-01
2.480000000000109e+01	5.547381e-01
2.490000000000111e+01	5.538497e-01
2.500000000000114e+01	5.529757e-01
2.510000000000116e+01	5.520623e-01
2.520000000000118e+01	5.511489e-01
2.530000000000121e+01	5.502355e-01
2.540000000000123e+01	5.493222e-01
2.550000000000125e+01	5.484090e-01
2.560000000000127e+01	5.474958e-01
2.570000000000130e+01	5.465828e-01
2.580000000000132e+01	5.456699e-01
2.590000000000134e+01	5.447570e-01
2.600000000000136e+01	5.438443e-01
2.610000000000139e+01	5.429317e-01
2.620000000000141e+01	5.420193e-01
2.630000000000143e+01	5.411069e-01
2.640000000000146e+01	5.401948e-01
2.650000000000148e+01	5.392827e-01
2.660000000000150e+01	5.383709e-01
2.670000000000152e+01	5.374592e-01
2.680000000000155e+01	5.365476e-01
2.690000000000157e+01	5.356362e-01
2.700000000000159e+01	5.347251e-01
2.710000000000161e+01	5.338141e-01
2.720000000000164e+01	5.329033e-01
2.730000000000166e+01	5.319926e-01
2.740000000000168e+01	5.310822e-01
2.750000000000171e+01	5.301720e-01
2.760000000000173e+01	5.292620e-01
2.770000000000175e+01	5.283523e-01
2.780000000000177e+01	5.274428e-01
2.790000000000180e+01	5.265334e-01
2.800000000000182e+01	5.256244e-01
2.810000000000184e+01	5.247156e-01
2.820000000000186e+01	5.238070e-01
2.830000000000189e+01	5.228987e-01
2.840000000000191e+01	5.219907e-01
2.850000000000193e+01	5.210829e-01
2.860000000000196e+01	5.201755e-01
2.870000000000198e+01	5.192683e-01
2.880000000000200e+01	5.183614e-01
2.890000000000202e+01	5.174548e-01
2.900000000000205e+01	5.165485e-01
2.910000000000207e+01	5.156425e-01
2.920000000000209e+01	5.147368e-01
2.930000000000211e+01	5.138315e-01
2.940000000000214e+01	5.129265e-01
2.950000000000216e+01	5.120218e-01
2.960000000000218e+01	5.111174e-01
2.970000000000221e+01	5.102134e-01
2.980000000000223e+01	5.093098e-01
2.990000000000225e+01	5.084065e-01
3.000000000000227e+01	5.075035e-01
3.010000000000230e+01	5.066009e-01
3.020000000000232e+01	5.056987e-01
3.030000000000234e+01	5.047969e-01
3.040000000000236e+01	5.038955e-01
3.050000000000239e+01	5.029945e-01
3.060000000000241e+01	5.020938e-01
3.070000000000243e+01	5.011936e-01
3.080000000000246e+01	5.002937e-01
3.090000000000248e+01	4.993943e-01
3.100000000000250e+01	4.984953e-01
3.110000000000252e+01	4.975967e-01
3.120000000000255e+01	4.966986e-01
3.130000000000257e+01	4.958009e-01
3.140000000000259e+01	4.949037e-01
3.150000000000261e+01	4.940068e-01
3.160000000000264e+01	4.931105e-01
3.170000000000266e+01	4.922146e-01
3.180000000000268e+01	4.913191e-01
3.190000000000271e+01	4.904242e-01
3.200000000000273e+01	4.895297e-01
3.210000000000275e+01	4.886357e-01
3.220000000000277e+01	4.877422e-01
3.230000000000280e+01	4.868492e-01
3.240000000000282e+01	4.859566e-01
3.250000000000284e+01	4.850646e-01
3.260000000000286e+01	4.841731e-01
3.270000000000289e+01	4.832821e-01
3.280000000000291e+01	4.823916e-01
3.290000000000293e+01	4.815017e-01
3.300000000000296e+01	4.806123e-01
3.310000000000298e+01	4.797234e-01
3.320000000000300e+01	4.788350e-01
3.330000000000302e+01	4.779473e-01
3.340000000000305e+01	4.770600e-01
3.350000000000307e+01	4.761733e-01
3.360000000000309e+01	4.752872e-01
3.370000000000312e+01	4.744017e-01
3.380000000000314e+01	4.735167e-01
3.390000000000316e+01	4.726323e-01
3.400000000000318e+01	4.717484e-01
3.410000000000321e+01	4.708652e-01
3.420000000000323e+01	4.699826e-01
3.430000000000325e+01	4.691005e-01
3.440000000000327e+01	4.682191e-01
3.450000000000330e+01	4.673383e-01
3.460000000000332e+01	4.664581e-01
3.470000000000334e+01	4.655785e-01
3.480000000000337e+01	4.646995e-01
3.490000000000339e+01	4.638212e-01
3.500000000000341e+01	4.629435e-01
3.510000000000343e+01	4.620664e-01
3.520000000000346e+01	4.611900e-01
3.530000000000348e+01	4.603142e-01
3.540000000000350e+01	4.594391e-01
3.550000000000352e+01	4.585646e-01
3.560000000000355e+01	4.576908e-01
3.570000000000357e+01	4.568177e-01
3.580000000000359e+01	4.559453e-01
3.590000000000362e+01	4.550735e-01
3.600000000000364e+01	4.542024e-01
3.610000000000366e+01	4.533320e-01
3.620000000000368e+01	4.524623e-01
3.630000000000371e+01	4.515933e-01
3.640000000000373e+01	4.507249e-01
3.650000000000375e+01	4.498573e-01
3.660000000000377e+01	4.489904e-01
3.670000000000380e+01	4.481242e-01
3.680000000000382e+01	4.472587e-01
3.690000000000384e+01	4.463940e-01
3.700000000000387e+01	4.455300e-01
3.710000000000389e+01	4.446667e-01
3.720000000000391e+01	4.438042e-01
3.730000000000393e+01	4.429424e-01
3.740000000000396e+01	4.420813e-01
3.750000000000398e+01	4.412210e-01
3.760000000000400e+01	4.403615e-01
3.770000000000402e+01	4.395027e-01
3.780000000000405e+01	4.386447e-01
3.790000000000407e+01	4.377874e-01
3.800000000000409e+01	4.369309e-01
3.810000000000412e+01	4.360752e-01
3.820000000000414e+01	4.352203e-01
3.830000000000416e+01	4.343662e-01
3.840000000000418e+01	4.335128e-01
3.850000000000421e+01	4.326603e-01
3.860000000000423e+01	4.318085e-01
3.870000000000425e+01	4.309576e-01
3.880000000000427e+01	4.301074e-01
3.890000000000430e+01	4.292581e-01
3.900000000000432e+01	4.284096e-01
3.910000000000434e+01	4.275619e-01
3.920000000000437e+01	4.267150e-01
3.930000000000439e+01	4.258690e-01
3.940000000000441e+01	4.250238e-01
3.950000000000443e+01	4.241794e-01
3.960000000000446e+01	4.233358e-01
3.970000000000448e+01	4.224931e-01
3.980000000000450e+01	4.216513e-01
3.990000000000452e+01	4.208103e-01
4.000000000000455e+01	4.199701e-01
4.010000000000457e+01	4.191308e-01
4.020000000000459e+01	4.182924e-01
4.030000000000462e+01	4.174548e-01
4.040000000000464e+01	4.166182e-01
4.050000000000466e+01	4.157823e-01
4.060000000000468e+01	4.149474e-01
4.070000000000471e+01	4.141133e-01
4.080000000000473e+01	4.132802e-01
4.090000000000475e+01	4.124479e-01
4.100000000000477e+01	4.116165e-01
4.110000000000480e+01	4.107860e-01
4.120000000000482e+01	4.099564e-01
4.130000000000484e+01	4.091277e-01
4.140000000000487e+01	4.082999e-01
4.150000000000489e+01	4.074730e-01
4.160000000000491e+01	4.066470e-01
4.170000000000493e+01	4.058220e-01
4.180000000000496e+01	4.049979e-01
4.190000000000498e+01	4.041746e-01
4.200000000000500e+01	4.033523e-01
4.210000000000502e+01	4.025310e-01
4.220000000000505e+01	4.017106e-01
4.230000000000507e+01	4.008911e-01
4.240000000000509e+01	4.000725e-01
4.250000000000512e+01	3.992549e-01
4.260000000000514e+01	3.984383e-01
4.270000000000516e+01	3.976226e-01
4.280000000000518e+01	3.968078e-01
4.290000000000521e+01	3.959940e-01
4.300000000000523e+01	3.951812e-01
4.310000000000525e+01	3.943693e-01
4.320000000000528e+01	3.935584e-01
4.330000000000530e+01	3.927485e-01
4.340000000000532e+01	3.919395e-01
4.350000000000534e+01	3.911315e-01
4.360000000000537e+01	3.903245e-01
4.370000000000539e+01	3.895185e-01
4.380000000000541e+01	3.887134e-01
4.390000000000543e+01	3.879094e-01
4.400000000000546e+01	3.871063e-01
4.410000000000548e+01	3.863042e-01
4.420000000000550e+01	3.855031e-01
4.430000000000553e+01	3.847030e-01
4.440000000000555e+01	3.839039e-01
4.450000000000557e+01	3.831058e-01
4.460000000000559e+01	3.823088e-01
4.470000000000562e+01	3.815127e-01
4.480000000000564e+01	3.807176e-01
4.490000000000566e+01	3.799236e-01
4.500000000000568e+01	3.791306e-01
4.510000000000571e+01	3.783386e-01
4.520000000000573e+01	3.775476e-01
4.530000000000575e+01	3.767576e-01
4.540000000000578e+01	3.759687e-01
4.550000000000580e+01	3.751808e-01
4.560000000000582e+01	3.743939e-01
4.570000000000584e+01	3.736081e-01
4.580000000000587e+01	3.728233e-01
4.590000000000589e+01	3.720396e-01
4.600000000000591e+01	3.712569e-01
4.610000000000593e+01	3.704752e-01
4.620000000000596e+01	3.696946e-01
4.630000000000598e+01	3.689150e-01
4.640000000000600e+01	3.681365e-01
4.650000000000603e+01	3.673590e-01
4.660000000000605e+01	3.665826e-01
4.670000000000607e+01	3.658073e-01
4.680000000000609e+01	3.650330e-01
4.690000000000612e+01	3.642598e-01
4.700000000000614e+01	3.634876e-01
4.710000000000616e+01	3.627166e-01
4.720000000000618e+01	3.619466e-01
4.730000000000621e+01	3.611776e-01
4.740000000000623e+01	3.604097e-01
4.750000000000625e+01	3.596430e-01
4.760000000000628e+01	3.588772e-01
4.770000000000630e+01	3.581126e-01
4.780000000000632e+01	3.573491e-01
4.790000000000634e+01	3.565866e-01
4.800000000000637e+01	3.558252e-01
4.810000000000639e+01	3.550650e-01
4.820000000000641e+01	3.543058e-01
4.830000000000643e+01	3.535477e-01
4.840000000000646e+01	3.527907e-01
4.850000000000648e+01	3.520348e-01
4.860000000000650e+01	3.512800e-01
4.870000000000653e+01	3.505262e-01
4.880000000000655e+01	3.497736e-01
4.890000000000657e+01	3.490222e-01
4.900000000000659e+01	3.482718e-01
4.910000000000662e+01	3.475225e-01
4.920000000000664e+01	3.467743e-01
4.930000000000666e+01	3.460272e-01
4.940000000000668e+01	3.452813e-01
4.950000000000671e+01	3.445365e-01
4.960000000000673e+01	3.437927e-01
4.970000000000675e+01	3.430501e-01
4.980000000000678e+01	3.423086e-01
4.990000000000680e+01	3.415683e-01
5.000000000000682e+01	3.408290e-01
5.010000000000684e+01	3.400909e-01
5.020000000000687e+01	3.393539e-01
5.030000000000689e+01	3.386181e-01
5.040000000000691e+01	3.378833e-01
5.050000000000693e+01	3.371497e-01
5.060000000000696e+01	3.364172e-01
5.070000000000698e+01	3.356859e-01
5.080000000000700e+01	3.349557e-01
5.090000000000703e+01	3.342266e-01
5.100000000000705e+01	3.334987e-01
5.110000000000707e+01	3.327719e-01
5.120000000000709e+01	3.320462e-01
5.130000000000712e+01	3.313217e-01
5.140000000000714e+01	3.305984e-01
5.150000000000716e+01	3.298761e-01
5.160000000000719e+01	3.291551e-01
5.170000000000721e+01	3.284351e-01
5.180000000000723e+01	3.277163e-01
5.190000000000725e+01	3.269987e-01
5.200000000000728e+01	3.262822e-01
5.210000000000730e+01	3.255668e-01
5.220000000000732e+01	3.248526e-01
5.230000000000734e+01	3.241396e-01
5.240000000000737e+01	3.234277e-01
5.250000000000739e+01	3.227170e-01
5.260000000000741e+01	3.220074e-01
5.270000000000744e+01	3.212990e-01
5.280000000000746e+01	3.205917e-01
5.290000000000748e+01	3.198857e-01
5.300000000000750e+01	3.191807e-01
5.310000000000753e+01	3.184769e-01
5.320000000000755e+01	3.177743e-01
5.330000000000757e+01	3.170729e-01
5.340000000000759e+01	3.163726e-01
5.350000000000762e+01	3.156735e-01
5.360000000000764e+01	3.149755e-01
5.370000000000766e+01	3.142787e-01
5.380000000000769e+01	3.135831e-01
5.390000000000771e+01	3.128886e-01
5.400000000000773e+01	3.121954e-01
5.410000000000775e+01	3.115032e-01
5.420000000000778e+01	3.108123e-01
5.430000000000780e+01	3.101225e-01
5.440000000000782e+01	3.094339e-01
5.450000000000784e+01	3.087465e-01
5.460000000000787e+01	3.080602e-01
5.470000000000789e+01	3.073751e-01
5.480000000000791e+01	3.066912e-01
5.490000000000794e+01	3.060084e-01
5.500000000000796e+01	3.053269e-01
5.510000000000798e+01	3.046465e-01
5.520000000000800e+01	3.039673e-01
5.530000000000803e+01	3.032892e-01
5.540000000000805e+01	3.026124e-01
5.550000000000807e+01	3.019367e-01
5.560000000000809e+01	3.012622e-01
5.570000000000812e+01	3.005888e-01
5.580000000000814e+01	2.999167e-01
5.590000000000816e+01	2.992457e-01
5.600000000000819e+01	2.985760e-01
5.610000000000821e+01	2.979074e-01
5.620000000000823e+01	2.972399e-01
5.630000000000825e+01	2.965737e-01
5.640000000000828e+01	2.959086e-01
5.650000000000830e+01	2.952448e-01
5.660000000000832e+01	2.945820e-01
5.670000000000834e+01	2.939205e-01
5.680000000000837e+01	2.932602e-01
5.690000000000839e+01	2.926010e-01
5.700000000000841e+01	2.919431e-01
5.710000000000844e+01	2.912863e-01
5.720000000000846e+01	2.906307e-01
5.730000000000848e+01	2.899763e-01
5.740000000000850e+01	2.893230e-01
5.750000000000853e+01	2.886710e-01
5.760000000000855e+01	2.880201e-01
5.770000000000857e+01	2.873704e-01
5.780000000000859e+01	2.867219e-01
5.790000000000862e+01	2.860746e-01
5.800000000000864e+01	2.854285e-01
5.810000000000866e+01	2.847836e-01
5.820000000000869e+01	2.841398e-01
5.830000000000871e+01	2.834972e-01
5.840000000000873e+01	2.828558e-01
5.850000000000875e+01	2.822156e-01
5.860000000000878e+01	2.815766e-01
5.870000000000880e+01	2.809388e-01
5.880000000000882e+01	2.803021e-01
5.890000000000884e+01	2.796667e-01
5.900000000000887e+01	2.790324e-01
5.910000000000889e+01	2.783993e-01
5.920000000000891e+01	2.777674e-01
5.930000000000894e+01	2.771367e-01
5.940000000000896e+01	2.765071e-01
5.950000000000898e+01	2.758788e-01
5.960000000000900e+01	2.752516e-01
5.970000000000903e+01	2.746256e-01
5.980000000000905e+01	2.740008e-01
5.990000000000907e+01	2.733772e-01
6.000000000000909e+01	2.727547e-01
6.010000000000912e+01	2.721334e-01
6.020000000000914e+01	2.715134e-01
6.030000000000916e+01	2.708945e-01
6.040000000000919e+01	2.702768e-01
6.050000000000921e+01	2.696602e-01
6.060000000000923e+01	2.690449e-01
6.070000000000925e+01	2.684307e-01
6.080000000000928e+01	2.678177e-01
6.090000000000930e+01	2.672059e-01
6.100000000000932e+01	2.665953e-01
6.110000000000935e+01	2.659858e-01
6.120000000000937e+01	2.653776e-01
6.130000000000939e+01	2.647705e-01
6.140000000000941e+01	2.641646e-01
6.150000000000944e+01	2.635598e-01
6.160000000000946e+01	2.629563e-01
6.170000000000948e+01	2.623539e-01
6.180000000000950e+01	2.617527e-01
6.190000000000953e+01	2.611527e-01
6.200000000000955e+01	2.605538e-01
6.210000000000957e+01	2.599562e-01
6.220000000000960e+01	2.593597e-01
6.230000000000962e+01	2.587643e-01
6.240000000000964e+01	2.581702e-01
6.250000000000966e+01	2.575772e-01
6.260000000000969e+01	2.569854e-01
6.270000000000971e+01	2.563948e-01
6.280000000000973e+01	2.558053e-01
6.290000000000975e+01	2.552170e-01
6.300000000000978e+01	2.546299e-01
6.310000000000980e+01	2.540439e-01
6.320000000000982e+01	2.534592e-01
6.330000000000985e+01	2.528755e-01
6.340000000000987e+01	2.522931e-01
6.350000000000989e+01	2.517118e-01
6.360000000000991e+01	2.511317e-01
6.370000000000994e+01	2.505527e-01
6.380000000000996e+01	2.499750e-01
6.390000000000998e+01	2.493983e-01
6.400000000001000e+01	2.488229e-01
6.410000000001003e+01	2.482486e-01
6.420000000001005e+01	2.476755e-01
6.430000000001007e+01	2.471035e-01
6.440000000001010e+01	2.465327e-01
6.450000000001012e+01	2.459630e-01
6.460000000001014e+01	2.453945e-01
6.470000000001016e+01	2.448272e-01
6.480000000001019e+01	2.442610e-01
6.490000000001021e+01	2.436960e-01
6.500000000001023e+01	2.431321e-01
6.510000000001025e+01	2.425694e-01
6.520000000001028e+01	2.420079e-01
6.530000000001030e+01	2.414475e-01
6.540000000001032e+01	2.408882e-01
6.550000000001035e+01	2.403301e-01
6.560000000001037e+01	2.397732e-01
6.570000000001039e+01	2.392174e-01
6.580000000001041e+01	2.386627e-01
6.590000000001044e+01	2.381092e-01
6.600000000001046e+01	2.375569e-01
6.610000000001048e+01	2.370057e-01
6.620000000001050e+01	2.364556e-01
6.630000000001053e+01	2.359067e-01
6.640000000001055e+01	2.353589e-01
6.650000000001057e+01	2.348122e-01
6.660000000001060e+01	2.342667e-01
6.670000000001062e+01	2.337224e-01
6.680000000001064e+01	2.331792e-01
6.690000000001066e+01	2.326371e-01
6.700000000001069e+01	2.320961e-01
6.710000000001071e+01	2.315563e-01
6.720000000001073e+01	2.310177e-01
6.730000000001075e+01	2.304801e-01
6.740000000001078e+01	2.299437e-01
6.750000000001080e+01	2.294084e-01
6.760000000001082e+01	2.288743e-01
6.770000000001085e+01	2.283413e-01
6.780000000001087e+01	2.278094e-01
6.790000000001089e+01	2.272786e-01
6.800000000001091e+01	2.267490e-01
6.810000000001094e+01	2.262205e-01
6.820000000001096e+01	2.256931e-01
6.830000000001098e+01	2.251668e-01
6.840000000001100e+01	2.246417e-01
6.850000000001103e+01	2.241177e-01
6.860000000001105e+01	2.235948e-01
6.870000000001107e+01	2.230730e-01
6.880000000001110e+01	2.225523e-01
6.890000000001112e+01	2.220328e-01
6.900000000001114e+01	2.215144e-01
6.910000000001116e+01	2.209970e-01
6.920000000001119e+01	2.204808e-01
6.930000000001121e+01	2.199657e-01
6.940000000001123e+01	2.194517e-01
6.950000000001125e+01	2.189389e-01
6.960000000001128e+01	2.184271e-01
6.970000000001130e+01	2.179164e-01
6.980000000001132e+01	2.174069e-01
6.990000000001135e+01	2.168984e-01
7.000000000001137e+01	2.163910e-01
7.010000000001139e+01	2.158848e-01
7.020000000001141e+01	2.153796e-01
7.030000000001144e+01	2.148756e-01
7.040000000001146e+01	2.143726e-01
7.050000000001148e+01	2.138708e-01
7.060000000001151e+01	2.133700e-01
7.070000000001153e+01	2.128703e-01
7.080000000001155e+01	2.123717e-01
7.090000000001157e+01	2.118742e-01
7.100000000001160e+01	2.113778e-01
7.110000000001162e+01	2.108825e-01
7.120000000001164e+01	2.103883e-01
7.130000000001166e+01	2.098951e-01
7.140000000001169e+01	2.094031e-01
7.150000000001171e+01	2.089121e-01
7.160000000001173e+01	2.084222e-01
7.170000000001176e+01	2.079334e-01
7.180000000001178e+01	2.074457e-01
7.190000000001180e+01	2.069590e-01
7.200000000001182e+01	2.064734e-01
7.210000000001185e+01	2.059889e-01
7.220000000001187e+01	2.055055e-01
7.230000000001189e+01	2.050231e-01
7.240000000001191e+01	2.045418e-01
7.250000000001194e+01	2.040616e-01
7.260000000001196e+01	2.035824e-01
7.270000000001198e+01	2.031043e-01
7.280000000001201e+01	2.026273e-01
7.290000000001203e+01	2.021513e-01
7.300000000001205e+01	2.016764e-01
7.310000000001207e+01	2.012026e-01
7.320000000001210e+01	2.007298e-01
7.330000000001212e+01	2.002581e-01
7.340000000001214e+01	1.997874e-01
7.350000000001216e+01	1.993178e-01
7.360000000001219e+01	1.988492e-01
7.370000000001221e+01	1.983817e-01
7.380000000001223e+01	1.979153e-01
7.390000000001226e+01	1.974498e-01
7.400000000001228e+01	1.969855e-01
7.410000000001230e+01	1.965221e-01
7.420000000001232e+01	1.960599e-01
7.430000000001235e+01	1.955986e-01
7.440000000001237e+01	1.951384e-01
7.450000000001239e+01	1.946793e-01
7.460000000001241e+01	1.942212e-01
7.470000000001244e+01	1.937641e-01
7.480000000001246e+01	1.933080e-01
7.490000000001248e+01	1.928530e-01
7.500000000001251e+01	1.923990e-01
7.510000000001253e+01	1.919461e-01
7.520000000001255e+01	1.914942e-01
7.530000000001257e+01	1.910433e-01
7.540000000001260e+01	1.905934e-01
7.550000000001262e+01	1.901446e-01
7.560000000001264e+01	1.896967e-01
7.570000000001266e+01	1.892499e-01
7.580000000001269e+01	1.888041e-01
7.590000000001271e+01	1.883594e-01
7.600000000001273e+01	1.879156e-01
7.610000000001276e+01	1.874729e-01
7.620000000001278e+01	1.870312e-01
7.630000000001280e+01	1.865905e-01
7.640000000001282e+01	1.861508e-01
7.650000000001285e+01	1.857121e-01
7.660000000001287e+01	1.852744e-01
7.670000000001289e+01	1.848377e-01
7.680000000001291e+01	1.844020e-01
7.690000000001294e+01	1.839674e-01
7.700000000001296e+01	1.835337e-01
7.710000000001298e+01	1.831010e-01
7.720000000001301e+01	1.826693e-01
7.730000000001303e+01	1.822387e-01
7.740000000001305e+01	1.818090e-01
7.750000000001307e+01	1.813803e-01
7.760000000001310e+01	1.809526e-01
7.770000000001312e+01	1.805259e-01
7.780000000001314e+01	1.801001e-01
7.790000000001316e+01	1.796754e-01
7.800000000001319e+01	1.792516e-01
7.810000000001321e+01	1.788289e-01
7.820000000001323e+01	1.784071e-01
7.830000000001326e+01	1.779863e-01
7.840000000001328e+01	1.775664e-01
7.850000000001330e+01	1.771476e-01
7.860000000001332e+01	1.767297e-01
7.870000000001335e+01	1.763128e-01
7.880000000001337e+01	1.758968e-01
7.890000000001339e+01	1.754819e-01
7.900000000001342e+01	1.750679e-01
7.910000000001344e+01	1.746548e-01
7.920000000001346e+01	1.742427e-01
7.930000000001348e+01	1.738316e-01
7.940000000001351e+01	1.734215e-01
7.950000000001353e+01	1.730123e-01
7.960000000001355e+01	1.726041e-01
7.970000000001357e+01	1.721968e-01
7.980000000001360e+01	1.717905e-01
7.990000000001362e+01	1.713851e-01
8.000000000001364e+01	1.709807e-01
8.010000000001367e+01	1.705772e-01
8.020000000001369e+01	1.701747e-01
8.030000000001371e+01	1.697731e-01
8.040000000001373e+01	1.693725e-01
8.050000000001376e+01	1.689728e-01
8.060000000001378e+01	1.685741e-01
8.070000000001380e+01	1.681763e-01
8.080000000001382e+01	1.677794e-01
8.090000000001385e+01	1.673835e-01
8.100000000001387e+01	1.669885e-01
8.110000000001389e+01	1.665944e-01
8.120000000001392e+01	1.662013e-01
8.130000000001394e+01	1.658091e-01
8.140000000001396e+01	1.654178e-01
8.150000000001398e+01	1.650275e-01
8.160000000001401e+01	1.646381e-01
8.170000000001403e+01	1.642496e-01
8.180000000001405e+01	1.638620e-01
8.190000000001407e+01	1.634753e-01
8.200000000001410e+01	1.630896e-01
8.210000000001412e+01	1.627048e-01
8.220000000001414e+01	1.623208e-01
8.230000000001417e+01	1.619378e-01
8.240000000001419e+01	1.615558e-01
8.250000000001421e+01	1.611746e-01
8.260000000001423e+01	1.607943e-01
8.270000000001426e+01	1.604149e-01
8.280000000001428e+01	1.600365e-01
8.290000000001430e+01	1.596589e-01
8.300000000001432e+01	1.592823e-01
8.310000000001435e+01	1.589065e-01
8.320000000001437e+01	1.585316e-01
8.330000000001439e+01	1.581577e-01
8.340000000001442e+01	1.577846e-01
8.350000000001444e+01	1.574124e-01
8.360000000001446e+01	1.570411e-01
8.370000000001448e+01	1.566707e-01
8.380000000001451e+01	1.563012e-01
8.390000000001453e+01	1.559326e-01
8.400000000001455e+01	1.555648e-01
8.410000000001457e+01	1.551979e-01
8.420000000001460e+01	1.548320e-01
8.430000000001462e+01	1.544669e-01
8.440000000001464e+01	1.541026e-01
8.450000000001467e+01	1.537393e-01
8.460000000001469e+01	1.533768e-01
8.470000000001471e+01	1.530152e-01
8.480000000001473e+01	1.526544e-01
8.490000000001476e+01	1.522946e-01
8.500000000001478e+01	1.519356e-01
8.510000000001480e+01	1.515774e-01
8.520000000001482e+01	1.512201e-01
8.530000000001485e+01	1.508637e-01
8.540000000001487e+01	1.505082e-01
8.550000000001489e+01	1.501535e-01
8.560000000001492e+01	1.497996e-01
8.570000000001494e+01	1.494467e-01
8.580000000001496e+01	1.490945e-01
8.590000000001498e+01	1.487432e-01
8.600000000001501e+01	1.483928e-01
8.610000000001503e+01	1.480432e-01
8.620000000001505e+01	1.476945e-01
8.630000000001507e+01	1.473466e-01
8.640000000001510e+01	1.469995e-01
8.650000000001512e+01	1.466533e-01
8.660000000001514e+01	1.463079e-01
8.670000000001517e+01	1.459634e-01
8.680000000001519e+01	1.456197e-01
8.690000000001521e+01	1.452768e-01
8.700000000001523e+01	1.449348e-01
8.710000000001526e+01	1.445936e-01
8.720000000001528e+01	1.442532e-01
8.730000000001530e+01	1.439137e-01
8.740000000001532e+01	1.435749e-01
8.750000000001535e+01	1.432370e-01
8.760000000001537e+01	1.429000e-01
8.770000000001539e+01	1.425637e-01
8.780000000001542e+01	1.422283e-01
8.790000000001544e+01	1.418936e-01
8.800000000001546e+01	1.415598e-01
8.810000000001548e+01	1.412268e-01
8.820000000001551e+01	1.408947e-01
8.830000000001553e+01	1.405633e-01
8.840000000001555e+01	1.402327e-01
8.850000000001558e+01	1.399030e-01
8.860000000001560e+01	1.395740e-01
8.870000000001562e+01	1.392459e-01
8.880000000001564e+01	1.389185e-01
8.890000000001567e+01	1.385920e-01
8.900000000001569e+01	1.382663e-01
8.910000000001571e+01	1.379413e-01
8.920000000001573e+01	1.376172e-01
8.930000000001576e+01	1.372938e-01
8.940000000001578e+01	1.369712e-01
8.950000000001580e+01	1.366495e-01
8.960000000001583e+01	1.363285e-01
8.970000000001585e+01	1.360083e-01
8.980000000001587e+01	1.356888e-01
8.990000000001589e+01	1.353702e-01
9.000000000000000e+01	1.350524e-01
